There are 127 words in this grid
h [(0, 0)]
o [(1, 3)]
n [(3, 0)]
t [(3, 1)]
e [(0, 2)]
r [(2, 2)]
p [(3, 2)]
u [(0, 3)]
a [(2, 3)]
x [(3, 3)]
ho [(0, 0), (0, 1)]
ht [(0, 0), (1, 1)]
oh [(0, 1), (0, 0)]
oo [(0, 1), (1, 0)]
on [(2, 0), (3, 0)]
no [(3, 0), (2, 0)]
ne [(3, 0), (2, 1)]
or [(1, 3), (2, 2)]
to [(3, 1), (2, 0)]
tr [(3, 1), (2, 2)]
et [(0, 2), (1, 1)]
er [(0, 2), (1, 2)]
en [(2, 1), (3, 0)]
tn [(3, 1), (3, 0)]
re [(2, 2), (2, 1)]
rt [(2, 2), (3, 1)]
pr [(3, 2), (2, 2)]
pt [(3, 2), (3, 1)]
pe [(3, 2), (2, 1)]
pa [(3, 2), (2, 3)]
ax [(2, 3), (3, 3)]
ar [(2, 3), (1, 2)]
hoo [(0, 0), (0, 1), (1, 0)]
hot [(0, 0), (0, 1), (1, 1)]
hoe [(0, 0), (0, 1), (0, 2)]
hor [(0, 0), (0, 1), (1, 2)]
oho [(0, 1), (0, 0), (1, 0)]
ooh [(0, 1), (1, 0), (0, 0)]
one [(2, 0), (3, 0), (2, 1)]
not [(3, 0), (2, 0), (1, 1)]
net [(3, 0), (2, 1), (3, 1)]
ore [(1, 3), (2, 2), (2, 1)]
ort [(1, 3), (2, 2), (3, 1)]
ora [(1, 3), (2, 2), (2, 3)]
toe [(3, 1), (2, 0), (2, 1)]
tor [(1, 1), (0, 1), (1, 2)]
too [(3, 1), (2, 0), (1, 0)]
ter [(3, 1), (2, 1), (1, 2)]
ten [(3, 1), (2, 1), (3, 0)]
tho [(1, 1), (0, 0), (0, 1)]
ton [(3, 1), (2, 0), (3, 0)]
tot [(3, 1), (2, 0), (1, 1)]
err [(0, 2), (1, 2), (2, 2)]
era [(0, 2), (1, 2), (2, 3)]
ert [(0, 2), (1, 2), (1, 1)]
eon [(2, 1), (2, 0), (3, 0)]
ere [(0, 2), (1, 2), (2, 1)]
roe [(2, 2), (1, 3), (0, 2)]
rte [(2, 2), (3, 1), (2, 1)]
rap [(2, 2), (2, 3), (3, 2)]
rot [(1, 2), (0, 1), (1, 1)]
roo [(1, 2), (0, 1), (1, 0)]
rep [(2, 2), (2, 1), (3, 2)]
rue [(1, 2), (0, 3), (0, 2)]
rpt [(2, 2), (3, 2), (3, 1)]
pro [(3, 2), (2, 2), (1, 3)]
pet [(3, 2), (2, 1), (3, 1)]
per [(3, 2), (2, 1), (1, 2)]
pen [(3, 2), (2, 1), (3, 0)]
pax [(3, 2), (2, 3), (3, 3)]
par [(3, 2), (2, 3), (1, 2)]
our [(1, 3), (0, 3), (1, 2)]
oar [(1, 3), (2, 3), (1, 2)]
arr [(2, 3), (1, 2), (2, 2)]
are [(2, 3), (1, 2), (2, 1)]
art [(2, 3), (1, 2), (1, 1)]
apt [(2, 3), (3, 2), (3, 1)]
ape [(2, 3), (3, 2), (2, 1)]
hoot [(0, 0), (0, 1), (1, 0), (1, 1)]
hoer [(0, 0), (0, 1), (0, 2), (1, 2)]
hort [(0, 0), (0, 1), (1, 2), (1, 1)]
hora [(0, 0), (0, 1), (1, 2), (2, 3)]
note [(3, 0), (2, 0), (1, 1), (0, 2)]
tore [(1, 1), (0, 1), (1, 2), (2, 1)]
torr [(1, 1), (0, 1), (1, 2), (2, 2)]
terr [(3, 1), (2, 1), (1, 2), (2, 2)]
tent [(1, 1), (2, 1), (3, 0), (3, 1)]
trap [(3, 1), (2, 2), (2, 3), (3, 2)]
tret [(3, 1), (2, 2), (2, 1), (1, 1)]
true [(1, 1), (1, 2), (0, 3), (0, 2)]
toot [(3, 1), (2, 0), (1, 0), (1, 1)]
tone [(3, 1), (2, 0), (3, 0), (2, 1)]
tote [(3, 1), (2, 0), (1, 1), (0, 2)]
teth [(3, 1), (2, 1), (1, 1), (0, 0)]
euro [(0, 2), (0, 3), (1, 2), (0, 1)]
rete [(2, 2), (2, 1), (1, 1), (0, 2)]
roue [(2, 2), (1, 3), (0, 3), (0, 2)]
roar [(2, 2), (1, 3), (2, 3), (1, 2)]
rare [(2, 2), (2, 3), (1, 2), (2, 1)]
rapt [(2, 2), (2, 3), (3, 2), (3, 1)]
rape [(2, 2), (2, 3), (3, 2), (2, 1)]
rote [(1, 2), (0, 1), (1, 1), (0, 2)]
root [(1, 2), (0, 1), (1, 0), (1, 1)]
rept [(2, 2), (2, 1), (3, 2), (3, 1)]
rent [(2, 2), (2, 1), (3, 0), (3, 1)]
pret [(3, 2), (2, 2), (2, 1), (3, 1)]
proa [(3, 2), (2, 2), (1, 3), (2, 3)]
pert [(3, 2), (2, 1), (1, 2), (1, 1)]
peon [(3, 2), (2, 1), (2, 0), (3, 0)]
pent [(3, 2), (2, 1), (3, 0), (3, 1)]
pere [(3, 2), (2, 1), (1, 2), (0, 2)]
parr [(3, 2), (2, 3), (1, 2), (2, 2)]
pare [(3, 2), (2, 3), (1, 2), (2, 1)]
part [(3, 2), (2, 3), (1, 2), (1, 1)]
tetra [(3, 1), (2, 1), (1, 1), (2, 2), (2, 3)]
terra [(3, 1), (2, 1), (1, 2), (2, 2), (2, 3)]
toner [(3, 1), (2, 0), (3, 0), (2, 1), (1, 2)]
toter [(3, 1), (2, 0), (1, 1), (0, 2), (1, 2)]
tooth [(3, 1), (2, 0), (1, 0), (1, 1), (0, 0)]
retro [(2, 2), (2, 1), (1, 1), (1, 2), (0, 1)]
raper [(2, 2), (2, 3), (3, 2), (2, 1), (1, 2)]
repro [(1, 2), (2, 1), (3, 2), (2, 2), (1, 3)]
peter [(3, 2), (2, 1), (1, 1), (0, 2), (1, 2)]
parer [(3, 2), (2, 3), (1, 2), (2, 1), (2, 2)]
pareu [(3, 2), (2, 3), (1, 2), (0, 2), (0, 3)]
arete [(2, 3), (1, 2), (2, 1), (1, 1), (0, 2)]
apter [(2, 3), (3, 2), (3, 1), (2, 1), (1, 2)]
